X1 X2 X3 X4 X5 X6 X7 X8 X9 X10 X11 X12 X13 X14 X15 X16 X17 X18 X20 X22 X23 X24 X25 X26 X27 X28 X29 X30 X32 X33 X34 X35 X36 X37 X38 X39 X40 X41 X42 X43 X44 X45 X46 X47 X48 X49 X50 X51 X52 X53 X54 X55 X56 X57 X58 X59 X60 X61 X62 X63 X64 X65 X66 X67 X68 X69 X70 X71 X72 X73 X74 X75 X76 X77 X78 X79 X80 X81 X82 X83 X84 X85 X86 X87 X88 X89 X90 X91 X92 X93 X94 X95 X96 X97
X1 1.25454140762613 0.7702283223415 0.813429450014368 0.478357200751889 0.0465778549638191 0.116788945919121 0.35307717388843 1.30158144921492 0.664515952856077 0.212870490115891 0.26964958104919 0.269932175688154 -0.0088276325671298 0.841129958623766 0.0971278198422044 -0.281478175773376 0.131667830273323 0.0858220246679445 -0.0880274139113779 0.366757145779833 0.411997585183218 0.00488456043558896 0.368131120766247 0.387299199271304 -0.104627561845336 0.751166651186073 0.257489790515437 -0.174275804048086 0.0868344777046421 0.37016389076176 -0.271295936437434 -0.254000798968989 0.0434719001815565 0.56050590351282 0.563072879634674 0.563861999349173 0.563878678509862 0.553617853329518 0.555434337790695 0.557154796994396 0.563894331769794 0.552903203634311 0.553399948511025 0.553934914346476 0.559966103897899 -0.473068800976584 0.298483809707793 -0.322051333257114 -0.455523769651635 -0.38677431552755 -0.701323712868656 -0.654342271007396 -0.396323913822682 -0.500973161404882 -0.338456144017418 -0.105040069279816 -0.0461086285832532 -0.629791714230486 -0.557831958255059 -0.391748992662195 -0.210471007827241 -0.346254387551063 0.171423176258092 -0.0882408815202493 -0.0616112917799154 -0.590461509528334 -0.512078082814615 -0.235902450523648 -0.330675283205484 -0.349071142738337 -0.53615102391798 -0.591677255903925 -0.355452912881 -0.454575138141627 -0.188011023436802 -0.622356717691694 -0.547136118062827 -0.656230682507106 -0.686735251617927 -0.840297608016308 -0.845847621178182 -0.552487064501318 -0.792804401977141 -0.97020997961846 -0.822450197249426 0.166356066849996 0.144563363377485 0.362494589188983 0.273280927302774 0.275078446148956 -0.33679861490137 0.220584993736172 0.232161546791562 0.0643339279236057
X2 0.7702283223415 0.840772214834706 0.715094414071742 0.627714032168724 0.298547590407161 0.392992150627961 0.607019595510917 1.23235570244486 0.838347499919124 0.315375589067453 0.596554067218117 0.579412256873647 0.399860974570997 0.991560118990706 0.375418462943582 -0.023397782028411 0.168470859700445 0.11566635458918 -0.013049403014564 0.352962091886811 0.338253970467143 0.106604015263021 0.288811674068265 0.370530601455696 -0.186307110921341 0.594905999333537 0.0935254569299205 0.0166734452046219 0.105200167845172 0.200044799107701 -0.227837945695707 -0.143595428939593 -0.0578268029071829 0.138962418864449 0.138899778944381 0.149828166141149 0.144614353171783 0.141306761577029 0.14912220614707 0.143120963786372 0.139721231079501 0.152020935910665 0.145358190571387 0.13714104252159 0.159083836174253 -0.400973326374548 0.151197294665098 -0.274950995825968 -0.313838179087502 -0.216128871761696 -0.498290257509943 -0.471194754862164 -0.293787945264296 -0.368902601795015 -0.186810267025746 -0.0597440891955384 -0.00478341785927205 -0.357159834439554 -0.385936748642357 -0.224453418896137 -0.121353226000549 -0.199656120358546 -0.000244112250140986 0.027510203130315 -0.0467767360181497 -0.478023925488582 -0.454202813934123 -0.387176075279074 -0.228402202410978 -0.374192696824698 -0.362711397971866 -0.484310109350954 -0.273977241655447 -0.272730312740363 -0.319129972603884 -0.345214799022985 -0.46701513226706 -0.385708646849087 -0.4274996049602 -0.558290249502082 -0.581204279043813 -0.377112207011246 -0.54483052811826 -0.658409623446161 -0.553706617886656 -0.0966499103784889 -0.0988895816427097 0.0868866469308635 0.0127227011271725 -0.0284861867606929 -0.35881769097077 -0.0712338026413362 -0.0358606538970693 -0.0496135192532784
X3 0.813429450014368 0.715094414071742 1.39295762700363 0.536669870830355 0.159158045817069 0.249681833251401 0.59007775688855 0.959576203277949 0.599341824545013 0.271758574987897 0.532691686996536 0.509351511976921 0.324687776957751 0.702298326152451 0.236678760797911 0.0116113632249714 0.0924759769284625 0.0888548772340305 -0.162140163954577 0.149985687972916 0.193219536399093 0.21203048014764 0.16001886131051 0.30041246494978 -0.251755249667269 0.422218279174512 0.0425164745383165 -0.305008668587575 -0.003316759558434 0.0829238694648058 -0.187094310259952 -0.178481782222915 -0.147782487658847 0.360413377728939 0.35797272696855 0.367964012840979 0.363233617545581 0.356897358176746 0.372924115294006 0.359765542236477 0.35879417910367 0.377236902639327 0.363771757707175 0.361315198040676 0.386089324802584 -0.280733244906962 0.280557196961558 -0.172516506905985 -0.220011956399538 -0.25233549635343 -0.467953682561867 -0.449177318080004 -0.249870571517234 -0.355976461624213 -0.163688629133111 -0.010318789731122 -0.0238385395476607 -0.431896581205629 -0.197570529369148 -0.207879327691461 -0.130922631781782 -0.178663893477326 0.130690831749211 -0.000934269970448967 -0.179014123101965 -0.342242231490904 -0.339931114531201 -0.360238426611492 -0.0164662145376192 -0.268584623172532 -0.19100832916955 -0.357858096383843 -0.170287230249205 -0.265385251790026 -0.163313031651693 -0.370261282385602 -0.327696899035195 -0.337313023233081 -0.526261769968829 -0.52479051731833 -0.554857497275269 -0.391698446154392 -0.526466965356033 -0.664237822229995 -0.608869793913652 -0.252745520351765 -0.296083297762064 -0.112562869157859 -0.267555161139417 -0.249423754060583 -0.582147722855537 -0.244685904653186 -0.256729742816467 -0.368763162186281
X4 0.478357200751889 0.627714032168724 0.536669870830355 0.855390594638282 0.538027408008097 0.619749208942089 0.748982659659691 0.893271425183473 0.786131317490787 0.434305630367224 0.755823168412812 0.735159314566104 0.693145731749647 0.875835383982792 0.497652039304156 0.329035814245382 0.109846909652234 0.0391107969951761 -0.079602449342797 0.189376021302956 0.258114405356363 0.129862251093698 0.257021549848958 0.248196659342066 -0.221067443575321 0.247115807121305 -0.116943028397771 0.201320364590641 -0.12409828229917 0.143313204292407 -0.12865285410768 -0.0818651868368847 -0.180997193818638 -0.104821494504108 -0.10447740315357 -0.122002201511169 -0.117517175201907 -0.114521885658148 -0.114926839737072 -0.113092268279387 -0.113308013606112 -0.118083876062396 -0.116303726272888 -0.114737870735943 -0.118179063397485 -0.27741370947433 -0.117056962225248 -0.193895345249906 -0.200050954891612 -0.185447448212604 -0.22763067493037 -0.232345731728362 -0.169379555531394 -0.210677423266234 -0.0964311410788073 -0.0689651040124375 -0.0143270681324941 -0.161608331305178 -0.233447891929314 -0.158737207264511 -0.0983598872048668 -0.156969726329406 -0.163990173236785 0.0180630416070441 -0.00793512929887161 -0.323900447007425 -0.338184853644574 -0.377947582849128 -0.151660434760132 -0.265080817033356 -0.100229189175719 -0.322458007346089 -0.186906745926628 -0.100727788944131 -0.338670825888992 -0.177745796292986 -0.323184463546526 -0.287547657241298 -0.234956899596276 -0.253359808066934 -0.299111606693942 -0.202618191265234 -0.270905908110132 -0.350261041978961 -0.278330219879096 -0.236083696848425 -0.245244209847496 -0.1948700917671 -0.139626737224957 -0.201156215210661 -0.282541028989462 -0.207742348121289 -0.185547100064084 -0.0901243763821454
X5 0.0465778549638191 0.298547590407161 0.159158045817069 0.538027408008097 1.14589504518654 1.06719154013704 0.697204335705329 0.559780981242739 0.802165069604769 0.766634400121904 0.659052516363538 0.60904286075489 0.603928680506181 0.593563705088315 0.916376793904529 0.762562856751837 0.198735156389238 0.117831789567394 0.211371094537312 0.241780354634599 0.294796918310181 0.29327065090834 0.312339504346189 0.191285954331426 0.0696890926325141 0.0874869400580923 -0.0497555299350301 0.435827651117462 -0.0416287427612714 0.130944052006664 0.0667221891683797 0.0807659394708766 -0.0393955186533341 -0.496451207009323 -0.49680321019358 -0.50815419592413 -0.50187486257275 -0.498986778742307 -0.507947030559613 -0.501439984031388 -0.49598175805846 -0.511065199938867 -0.503617562338873 -0.4915277281211 -0.520107996772302 -0.154397094637224 -0.43329562155368 -0.145424098948793 -0.0435457656241822 -0.122081585783282 0.135453610406654 0.0421684815680442 -0.0865646239969091 -0.00387505193077127 0.0718344779655353 -0.0357206031227145 -0.0129490732811726 0.0406176423437675 -0.0583569568906653 -0.079653100056604 -0.0538838463842317 -0.100044496022551 -0.402151642299607 -0.0885080735409916 0.0324762522741117 -0.144116711024684 -0.135243451025526 -0.345416183658267 -0.134134895829783 -0.18429367220003 -0.0280091517432158 -0.139123748761845 -0.0683421132755124 0.00617552650291475 -0.391803190599083 0.00824901857439924 -0.13940459373995 -0.203620509677034 0.0145418877536294 -0.0523250878717282 -0.0372454807828477 -0.0347784762313014 -0.0285286943947005 0.121399192917195 -0.00568068180220076 -0.460675627936131 -0.436967470690374 -0.44164243836998 -0.419703902861113 -0.43919322836369 -0.138029784488737 -0.477191370996532 -0.437399893634694 -0.123413762704003
X6 0.116788945919121 0.392992150627961 0.249681833251401 0.619749208942089 1.06719154013704 1.13620945851902 0.840541623426737 0.958561547376874 1.00968456918335 0.734515069746759 0.816525912295682 0.775522859112893 0.723318846437708 0.912612722676084 0.957919862941984 0.637252126762862 0.0873941758671657 0.011800608120704 0.0809589382030169 0.266594661022767 0.332144718254705 0.322335183786885 0.398010914726817 0.328001010693437 -0.134273058568922 0.216580999935027 -0.134300731678458 0.398742711343874 -0.125738818551685 0.150939466351298 -0.0650530005398447 -0.0441799914335776 -0.210420203900923 -0.530072081648136 -0.530596235706144 -0.538696915041462 -0.534094300649342 -0.52897724518655 -0.537717606680103 -0.53198270314872 -0.529774783571024 -0.53961894732162 -0.53291023982293 -0.524658395806773 -0.548661744155054 -0.308460534693605 -0.396359747555552 -0.213416887301996 -0.13426806223636 -0.185142033965115 -0.00690113500900398 -0.0969534613963909 -0.153379196978847 -0.122180888899719 0.0357532838450614 -0.036845391835677 -0.00865260868859075 -0.0805055282749048 -0.129664638813351 -0.132197354896001 -0.06142997735363 -0.154977983290415 -0.408829161212281 -0.00132445376152737 0.0538741456466263 -0.25712427296979 -0.257358145940606 -0.436873310276581 -0.12910140497237 -0.290330999646316 -0.0252153559976581 -0.271037243139598 -0.0916837062772256 0.0178672129916513 -0.457484557257359 0.026724415161181 -0.205529884542089 -0.19964583314573 0.0520590736607306 -0.0586737782123452 -0.0630144177900111 0.00665486066665548 -0.0500944402270527 0.130683105422715 0.0169743149931411 -0.361689297973296 -0.340847960458544 -0.366236757938138 -0.330457510344241 -0.325520713138139 -0.0208203225088275 -0.329891248398125 -0.309474639605192 0.0481597722824498
X7 0.35307717388843 0.607019595510917 0.59007775688855 0.748982659659691 0.697204335705329 0.840541623426737 1.22917753636724 1.39705709610523 1.03995543781411 0.463527069402113 1.00481343724847 0.992207121564278 0.886050837074961 1.15601950902856 0.773443622718217 0.235066903917911 -0.131182272613402 -0.186936593427177 -0.263869486640347 0.270318424028288 0.500549820093146 0.318960318944687 0.484668747724909 0.515467584420129 -0.476201836954717 0.38338303970705 -0.206169874205688 0.166896363516084 -0.323995554191395 0.209658527326 -0.248647875134852 -0.201913580225716 -0.529924346993655 -0.352971313397229 -0.351777814236365 -0.339678935146118 -0.343006983675589 -0.348875417559361 -0.348227020588185 -0.348229632295276 -0.346130330807414 -0.347265038583528 -0.347864314431237 -0.350410126248044 -0.343781182119278 -0.52263847279966 -0.114122456950829 -0.216747861275191 -0.247287401482901 -0.298555713230217 -0.201858712447974 -0.239444375308824 -0.198182895430006 -0.377155178563912 -0.0354596008120963 0.0217888514377001 0.0439210807259378 -0.347187466997477 -0.131220992988565 -0.180666871184182 -0.0730785520780033 -0.163473402735185 -0.224651648608912 0.165909925765256 0.0168345471483024 -0.323078849109225 -0.274535317514191 -0.406692565086674 0.0045773250955193 -0.334264019173317 0.0644725967583208 -0.272711335583276 -0.0913019185197642 0.0227492471678543 -0.381337213762604 0.00759709105742766 -0.329759969633802 -0.257376546456993 -0.0800520723715259 -0.274686841120674 -0.321570975510287 -0.115735611317733 -0.281167240144739 -0.179786664124692 -0.376742669901138 -0.323103799487764 -0.295103823524971 -0.369707950010332 -0.179115029478606 -0.26032441324462 0.0994828276739647 -0.210178273341467 -0.260012773784787 0.195678969660371
X8 1.30158144921492 1.23235570244486 0.959576203277949 0.893271425183473 0.559780981242739 0.958561547376874 1.39705709610523 4.58548586642903 2.56714343051777 0.64758270014466 1.2455380746945 1.20702586383236 0.370800029691903 3.11064391334093 1.11499284811294 -0.68646116892835 -0.363643892644971 -0.568257709888113 -0.927029336239661 1.32629484039639 1.48601621261977 0.591634384372416 1.62696870278772 1.60239907265679 -1.25230520471949 2.0265444260625 -0.111726313328237 -0.270601754719658 -0.350930180113536 0.90670331090369 -1.16814939068336 -1.06730940339239 -1.2079246582244 -0.173012424460702 -0.170988428137033 -0.175340702174992 -0.172671758478746 -0.172142236316544 -0.181269682387892 -0.173100295031423 -0.170166976001913 -0.184304634647226 -0.17622766901837 -0.173875008102391 -0.187978865781653 -1.67208186690673 0.299200758236008 -0.901149023784243 -0.972076619329385 -0.978494149881717 -1.38453690327292 -1.40950168619158 -0.932333704854108 -1.20940970142193 -0.322307835005649 0.081703465634222 0.290217271224485 -1.41271321256023 -0.9702822617741 -0.723119612831365 -0.179145074822412 -0.647077125230663 -0.155391671343366 0.385963177614593 0.274893425722135 -1.37471172519666 -1.35982530000402 -1.2304346300604 -0.28182255895482 -1.1498577759615 -0.488275010213027 -1.40188335718815 -0.190943947774203 -0.328306500093849 -0.838461150400842 -0.35700782936032 -0.945943746030443 -0.90114864464514 -0.443745737977986 -0.93545466454685 -0.971321022079557 -0.0969779067264137 -0.825435505983883 -0.629604996038697 -0.601607507063877 0.489593867172406 0.481660791791213 0.534670484984132 0.636522819568255 0.614709774684958 0.690927780804536 0.667523396970298 0.722564710677124 1.41969785243832
X9 0.664515952856077 0.838347499919124 0.599341824545013 0.786131317490787 0.802165069604769 1.00968456918335 1.03995543781411 2.56714343051777 1.88988354136139 0.669362315871959 1.0128756162969 0.998181739509385 0.60061713024173 1.99922206973455 1.05192911561718 0.0403744553453769 -0.163936542419997 -0.298318478815147 -0.355288558024393 0.859067138319745 0.859839659996362 0.452858760994786 0.929440704674356 0.918378269144848 -0.633144384009502 1.12649298778553 -0.148602312809321 0.152932580153341 -0.165750343634363 0.49997172028593 -0.586409019078996 -0.518325390518566 -0.59744892312864 -0.322369164919157 -0.318717767877937 -0.321992415919424 -0.317389801527304 -0.333800981755255 -0.33836579214958 -0.330543113068583 -0.313070284448986 -0.344442683890325 -0.337733976391636 -0.324656101081648 -0.340958827426075 -0.953778534875394 -0.0675651287659682 -0.573031962684065 -0.528731128591791 -0.582521461272277 -0.65953537930867 -0.729031376811863 -0.520604681609326 -0.623721868915991 -0.152050097362943 0.0118852950919551 0.093585107789795 -0.662897122174086 -0.557233678995563 -0.405088456594832 -0.152081802521016 -0.388846772415745 -0.278690183713247 0.169747094446131 0.140109921991493 -0.791051754355213 -0.768346538800872 -0.831231799703671 -0.250101308708857 -0.735324452356874 -0.309302554046145 -0.759856249140197 -0.151701786746382 -0.180806381040282 -0.608147983089065 -0.175991015601897 -0.520364467261347 -0.521094242432221 -0.194508122966931 -0.492253212410343 -0.512476020815028 -0.0905833903282262 -0.432008333425989 -0.3067689657703 -0.210005713158846 -0.0163336404543851 -0.00845693131940355 0.110724703194259 0.104016341186998 0.0703056463587325 0.236539543181591 0.0371969202808789 0.133694814709212 0.636871067944672
X10 0.212870490115891 0.315375589067453 0.271758574987897 0.434305630367224 0.766634400121904 0.734515069746759 0.463527069402113 0.64758270014466 0.669362315871959 0.828986288852638 0.463217171247888 0.429266584333568 0.341920525567275 0.659568129378472 0.766151321855302 0.580282640317354 0.356657330335559 0.309113768715297 0.31865757581731 0.33205264694036 0.288564890473818 0.28261206095866 0.39278581738631 0.282783064240785 0.239263859577618 0.336433389564486 0.155374827108016 0.215276839529057 0.102527188091345 0.242411788867679 0.059892675918729 0.0614072669637543 0.117966683701395 -0.274013289195237 -0.272299319438101 -0.285870644342536 -0.278445915961844 -0.284238567884124 -0.291962827311936 -0.283630237198967 -0.27147786730298 -0.297825793402477 -0.289504874773668 -0.275037711496096 -0.301500024536904 -0.251119221258661 -0.269167127075174 -0.247333928890833 -0.174155035367846 -0.19818461041676 -0.155974967316093 -0.195133100332116 -0.231493209258147 -0.16766995907891 -0.0900557027267152 -0.146250039712147 -0.101477308785571 -0.148815063253622 -0.253674381849789 -0.172901205137559 -0.0987028540134928 -0.173295222209146 -0.278443404450429 -0.12247937558807 -0.0816180524790347 -0.282256409714626 -0.289228824530049 -0.353455276329471 -0.201078942337306 -0.246794301350777 -0.188819418957635 -0.294544747513549 -0.152452374456963 -0.133205982024574 -0.356296653370693 -0.219028623471242 -0.279598691568742 -0.226557899922746 -0.17451145092936 -0.12325862792298 -0.100728170715589 -0.0302579292230228 -0.102215787335211 0.0231899353346386 0.0207063974873728 -0.227957678818419 -0.235773735898944 -0.220434541958717 -0.256425290152043 -0.225909274528187 -0.244859130793232 -0.257745036700905 -0.223197925726204 -0.112658940094371
X11 0.26964958104919 0.596554067218117 0.532691686996536 0.755823168412812 0.659052516363538 0.816525912295682 1.00481343724847 1.2455380746945 1.0128756162969 0.463217171247888 1.06933803981909 1.05619508729421 0.9842435185176 1.18670863558478 0.714876264346691 0.290129998803604 -0.0732762545653389 -0.121766644014688 -0.205850842194465 0.257509128938499 0.368737603501246 0.312625792709658 0.385372730077917 0.438048008500835 -0.437102793128576 0.350231530335191 -0.255241300599938 0.267284409663692 -0.264300589682294 0.145544600430211 -0.239663776183892 -0.194806376751448 -0.442499323939238 -0.383523721770954 -0.384886292209778 -0.378736277531715 -0.38148509587526 -0.371367360849492 -0.374709252553152 -0.375004602138422 -0.384064840074658 -0.371471660216236 -0.370964308687349 -0.377575094103056 -0.376935413250332 -0.443843461883316 -0.194416727036514 -0.225606833655345 -0.22518989483332 -0.207648096462516 -0.223124929405524 -0.249891158207995 -0.180597310040711 -0.266576310656044 -0.0266016502532166 -0.0104701088972458 0.0232921275925402 -0.195891401626739 -0.149843869593594 -0.126354195086826 -0.0707294645584762 -0.130969150001211 -0.266443327935368 0.129932667388486 0.0117134585980111 -0.321224734756666 -0.333035077834881 -0.468991385936675 -0.0402737556308729 -0.327515739290018 0.0109341032570519 -0.281819696231009 -0.10233288082645 -0.018032753523545 -0.449092570328001 0.0700323247775465 -0.316314603203392 -0.143696802774084 0.0259368851796542 -0.123268669374196 -0.179185898289766 -0.0449157936519974 -0.144820307872731 -0.0975985103108695 -0.175067446279218 -0.297915464793774 -0.286666234222044 -0.314270366835587 -0.246063780405394 -0.287895772554362 -0.0652835262944846 -0.28710899444732 -0.242001344297304 0.0983936732787398
X12 0.269932175688154 0.579412256873647 0.509351511976921 0.735159314566104 0.60904286075489 0.775522859112893 0.992207121564278 1.20702586383236 0.998181739509385 0.429266584333568 1.05619508729421 1.10551745481208 1.01241255334375 1.26863128969022 0.702482729737012 0.236449682831551 -0.140560298971998 -0.17884781092319 -0.225679990146728 0.242052739329676 0.354379170395843 0.299859116110691 0.365251709620214 0.492127732032851 -0.468274360643648 0.350986695694949 -0.294096028641701 0.306217377601261 -0.307940641648488 0.128590469546334 -0.279995596669685 -0.230948275424781 -0.466736874081058 -0.370889784106033 -0.371655847244968 -0.360679801273074 -0.363428619616619 -0.36052294508424 -0.363268329488011 -0.363265425423336 -0.366008363816017 -0.360627244450985 -0.360119892922098 -0.361904647043974 -0.364301475585412 -0.476868978378672 -0.168609404227474 -0.234188672015413 -0.234154558670326 -0.217974689842581 -0.204393672764932 -0.245993072581653 -0.180723809943197 -0.274657068272322 -0.0435683929155603 -0.0180596204532088 0.00794819107087311 -0.182297556101801 -0.162346767426431 -0.110186519920549 -0.0688744481353343 -0.130258898758174 -0.257786762305139 0.1484017647746 0.0104847276024538 -0.328394037812346 -0.326215074161161 -0.446954376319593 -0.0159921518095719 -0.31376506210441 0.00465913983439508 -0.264881176707351 -0.0902726066843636 -0.00962584919448987 -0.441438482539856 0.0607095789075248 -0.309488502565367 -0.124906908163349 0.0373488831513076 -0.124423151842937 -0.191160512314282 -0.0177174162203141 -0.156010569304563 -0.101863993168024 -0.164161698228237 -0.293016487794885 -0.273266365046975 -0.307564468799807 -0.222558953263827 -0.266288146517937 -0.0270559540099197 -0.253731119114588 -0.216527834053148 0.162167662066119
X13 -0.0088276325671298 0.399860974570997 0.324687776957751 0.693145731749647 0.603928680506181 0.723318846437708 0.886050837074961 0.370800029691903 0.60061713024173 0.341920525567275 0.9842435185176 1.01241255334375 1.31386417258528 0.648980240913184 0.548245045545217 0.483628334352622 -0.052240837627742 -0.0494596590301919 0.000996387459147858 -0.0709833785197109 0.0623757631115813 0.163852356679203 0.0416118514572498 0.14710858966509 -0.264151827465302 -0.103870522386079 -0.361475125888393 0.557367175544626 -0.255195216986581 -0.0741362311065638 -0.0441174356555997 -0.00234466829742841 -0.252631135019409 -0.429749372918995 -0.430010627164845 -0.42023040014925 -0.42485191759015 -0.426560856977552 -0.420275431377757 -0.425446334254302 -0.429189175029725 -0.417473243029004 -0.423093000904717 -0.430473146267335 -0.412199864665085 -0.191104376689966 -0.342506764020979 -0.0566520393555688 -0.0537741809332065 -0.0334164082342628 0.114727988799429 0.0607635734250673 0.0217702197826209 -0.0291576357320232 0.00428381297929813 -0.0876907264974065 -0.100294990037413 0.0787865037251056 0.0323316553041759 -0.0466715562797402 -0.0798537988237937 -0.0635564757415356 -0.28693961949112 0.0261168230687559 -0.0727148863617523 0.0163389783697446 0.00772946240713087 -0.194358753559596 -0.0152529037492897 -0.0624241183059922 0.117318507686663 0.121035963944428 -0.139436684795374 0.05118690065168 -0.320372664748758 0.166045282093297 -0.101772700759357 0.0288107371967869 0.178855610818873 0.0714505713458349 0.00447329958659017 -0.0547372245987289 0.0192144528712217 0.0805465494503008 0.0341450117316314 -0.422215967542736 -0.400477878965465 -0.468524753652606 -0.393712079748274 -0.423128886277492 -0.106248288524823 -0.42804058603 -0.400042321523759 -0.140882115351475
X14 0.841129958623766 0.991560118990706 0.702298326152451 0.875835383982792 0.593563705088315 0.912612722676084 1.15601950902856 3.11064391334093 1.99922206973455 0.659568129378472 1.18670863558478 1.26863128969022 0.648980240913184 2.87558284582008 1.10802369049812 -0.269587114124714 -0.223418524496209 -0.384419142213984 -0.607077920029453 0.960385281126134 1.03545693317956 0.530134968977323 1.13403026442485 1.33629559686173 -0.918965096596809 1.50835348280568 -0.179487851306115 0.0715823506063599 -0.271300812394184 0.609153089666676 -0.894571992652475 -0.777481247807385 -0.833254294142381 -0.308227412531047 -0.307730870383006 -0.310344019440659 -0.308572229265472 -0.309236091741104 -0.312490587991552 -0.309594880546814 -0.306909418247886 -0.313884407291579 -0.310916312458826 -0.307490288181079 -0.315769116526337 -1.24074703503816 0.0774399055874143 -0.731079218836301 -0.730186522346297 -0.68206961409963 -1.04617387815888 -1.08068298068266 -0.682671174319951 -0.843106424589206 -0.259160564627239 0.00300259871260124 0.1548270840565 -0.784213200804376 -0.71104534751414 -0.423619052813966 -0.156344519122754 -0.4482487690889 -0.233801107656864 0.29829690001999 0.160417819249739 -1.02194221250485 -1.02453333579986 -1.02472153487908 -0.264541731695724 -0.959908889893014 -0.451214986187782 -0.973381171113577 -0.184962892294699 -0.28694469628944 -0.781390591074539 -0.211938841306511 -0.758782488982602 -0.515958219492263 -0.23646258671078 -0.513865491522972 -0.568752239636115 0.112441914287449 -0.484490904085594 -0.346835200720803 -0.164028360609839 0.138541183652598 0.138770593728032 0.260654215956339 0.257628943038664 0.254344268688476 0.355689671787574 0.206045906541433 0.350771336690651 1.02389056571966
X15 0.0971278198422044 0.375418462943582 0.236678760797911 0.497652039304156 0.916376793904529 0.957919862941984 0.773443622718217 1.11499284811294 1.05192911561718 0.766151321855302 0.714876264346691 0.702482729737012 0.548245045545217 1.10802369049812 1.20165222277232 0.475984626943354 0.105549208197045 0.0379240041967482 0.0210240368203196 0.472526798779797 0.521974856245006 0.528856590406172 0.592694484843573 0.543100029316534 -0.167388045874537 0.509727704847927 -0.0804130423710809 0.351839453841074 -0.0948651957014888 0.243590645620012 -0.154621523848474 -0.122559395842131 -0.263322053923812 -0.513302412422773 -0.513475588994852 -0.511169840861668 -0.50944595694246 -0.507714078209465 -0.515607438547688 -0.510772928512481 -0.507828105565901 -0.516055201838376 -0.510499083875694 -0.504087588159863 -0.523308476772141 -0.446390355922728 -0.350337875688297 -0.307128404576204 -0.196560912238298 -0.276842026094433 -0.182400748519195 -0.252169414718508 -0.235792744908115 -0.273084214553779 -0.020815940624907 -0.00294396318517401 0.00243112111293555 -0.183266814296596 -0.15550787489666 -0.150111924641371 -0.0732771348840511 -0.162699771018455 -0.342852017575564 -0.0391610020624562 0.0140782484619796 -0.301853253412839 -0.291446702708571 -0.491667853754083 -0.131074603407971 -0.356118328320416 -0.114917649034729 -0.261888744863989 -0.0662859586746814 -0.0320146492851322 -0.486975851765406 -0.0587915085165575 -0.279175522597845 -0.226481665412235 -0.0453962942904104 -0.134084890473686 -0.105479911530846 0.0240011257118444 -0.0742405691297707 0.167549189359508 0.115608105980797 -0.314378185892683 -0.289591547667952 -0.287365524751131 -0.293300756494084 -0.251066811678117 0.0901736993666491 -0.286482583319951 -0.226292643967875 0.202546578631999
X16 -0.281478175773376 -0.023397782028411 0.0116113632249714 0.329035814245382 0.762562856751837 0.637252126762862 0.235066903917911 -0.68646116892835 0.0403744553453769 0.580282640317354 0.290129998803604 0.236449682831551 0.483628334352622 -0.269587114124714 0.475984626943354 1.12912594313515 0.395813822964183 0.350639850153308 0.5593018521448 -0.063504076374108 -0.125226341686171 0.118352171244885 -0.101574845926567 -0.265735366493473 0.57474930798053 -0.373628874327437 0.103159137451062 0.355000240584797 0.149841686916852 -0.0746302218686242 0.421079522602739 0.414392804955728 0.398495679608896 -0.402326295672763 -0.399954448330237 -0.424306115944446 -0.418788927574549 -0.409953697737053 -0.417484360105265 -0.409078883169109 -0.413611090076609 -0.422760341886776 -0.414683376257919 -0.419456495095613 -0.424645051121534 0.324149198228467 -0.508893843951839 0.0364728205140047 0.171988379286508 0.0901923655234403 0.483310969931705 0.385927564100784 0.109993168696415 0.319000153239998 0.110196249277907 -0.134096386606847 -0.137905399346021 0.340755679653775 0.129233026413463 0.0159203530903548 -0.089376013475358 -0.0262228678473809 -0.359466516121844 -0.239038767594473 -0.135561934342368 0.147662821618039 0.117328999504103 -0.0493039405483982 -0.114856601157828 0.0844949035748843 0.0738030211837979 0.163556275104043 -0.0756094124349409 0.0333085566876137 -0.148345901947401 0.00749065933235833 0.112543016273204 0.0774417909928085 0.0835805109899704 0.284632082316089 0.278584262685989 0.0473049190844134 0.243557156266537 0.284999856735932 0.291257506672656 -0.486010163824648 -0.49424452607448 -0.497232267603314 -0.523705780391727 -0.493218995765393 -0.357925140942214 -0.576365067095795 -0.560000822573076 -0.651363690070563
X17 0.131667830273323 0.168470859700445 0.0924759769284625 0.109846909652234 0.198735156389238 0.0873941758671657 -0.131182272613402 -0.363643892644971 -0.163936542419997 0.356657330335559 -0.0732762545653389 -0.140560298971998 -0.052240837627742 -0.223418524496209 0.105549208197045 0.395813822964183 0.854954453065368 0.838318490294668 0.671311242725922 -0.0247977651814532 -0.139750009463407 0.0270959329663299 -0.10336398667404 -0.133170628756599 0.661332225192226 -0.0202157011328051 0.479444609454883 0.014561651982585 0.48280453527085 0.0526845035416027 0.411307258019503 0.435825857552766 0.611851371434492 0.133551160731137 0.13127525735101 0.127750877729106 0.122523999417201 0.145642016311855 0.148520077686043 0.142978110504444 0.117618615604638 0.153809095922426 0.148928268148017 0.125017174146842 0.151924386687668 0.114954850705394 -0.117291898109827 -0.0449751139518164 -0.0347860776524686 0.0653565471999378 -0.103906991968485 -0.059964517582292 -0.0911882941812126 -0.009074021232789 -0.120533552430568 -0.204699536410513 -0.171682698257333 0.0252766861713765 -0.138143696276327 -0.0781234034069772 -0.118313309789964 -0.0880580701777795 0.00328099664215798 -0.302928409388856 -0.228566324710979 -0.0129391998014807 -0.016045838602972 0.0619938801297639 -0.173784630028485 0.101252534030024 -0.18833392126077 -0.0651156176923358 -0.188976208236722 -0.175856757795217 -0.074061137346034 -0.254808295996742 -0.173097146221732 -0.0898467608914189 -0.303953862835123 -0.147891736754163 -0.111587690218832 -0.22536126622714 -0.153830777103465 -0.201302724434747 -0.174460437937742 -0.251719420399033 -0.284317151457855 -0.111077337752123 -0.232758215733252 -0.278983197571403 -0.606137192449053 -0.322917455275456 -0.316772704853618 -0.592028621974829
X18 0.0858220246679445 0.11566635458918 0.0888548772340305 0.0391107969951761 0.117831789567394 0.011800608120704 -0.186936593427177 -0.568257709888113 -0.298318478815147 0.309113768715297 -0.121766644014688 -0.17884781092319 -0.0494596590301919 -0.384419142213984 0.0379240041967482 0.350639850153308 0.838318490294668 0.955204631532706 0.695710127402556 -0.0877430649309349 -0.229271138158445 0.037296614152072 -0.207302343339367 -0.207314228016983 0.674649006452304 -0.150095947437049 0.471874372779658 0.0919028789925436 0.515736060465956 -0.00295974488994013 0.490846924895385 0.502968138796018 0.649929921869532 0.135303545223179 0.134220656442831 0.14517437070242 0.139947492390514 0.143815357004558 0.147886432978526 0.142940973096816 0.135042108577951 0.151982436615129 0.14710160884072 0.137668608721038 0.153676771179709 0.154923971495598 -0.124163152378265 0.0282249910663894 0.0379972267165004 0.149275406775417 -0.0326758737695399 0.00588303909458733 -0.0178480964570852 0.0113419548309354 -0.0999443903317612 -0.19425111771531 -0.213929117210251 0.0638880397162651 -0.0900606140365232 -0.0207674640107007 -0.0906942008791623 -0.018924806107377 0.0458967171492729 -0.307854747328591 -0.222851517098812 0.0684266311532258 0.0723559751524629 0.114374776274662 -0.095900350037981 0.207211822289967 -0.114033798988719 0.0215447888775868 -0.163283081183455 -0.147421847998332 -0.0381354142110893 -0.207009871429985 -0.105463355697142 -0.0116923895605411 -0.244375287523628 -0.127911925099866 -0.0722394765332224 -0.25674148860534 -0.129732562045304 -0.165521263388639 -0.212201755427762 -0.304640583402601 -0.3243285739199 -0.190741721567052 -0.304482627082338 -0.363784913076436 -0.63940878130035 -0.388545269369311 -0.380813816930631 -0.682239187451226
X20 -0.0880274139113779 -0.013049403014564 -0.162140163954577 -0.079602449342797 0.211371094537312 0.0809589382030169 -0.263869486640347 -0.927029336239661 -0.355288558024393 0.31865757581731 -0.205850842194465 -0.225679990146728 0.000996387459147858 -0.607077920029453 0.0210240368203196 0.5593018521448 0.671311242725922 0.695710127402556 1.03359420880057 -0.094617745715928 -0.295037214015785 -0.0609146478543474 -0.265833986013735 -0.313540022088288 0.998398713610272 -0.20062028125875 0.551653003244557 0.164889167714458 0.559004064713908 -0.0509078705808863 0.503038917373798 0.527500199424691 0.897690746318416 0.0737509232546693 0.074560721308716 0.0890572290125889 0.0844923280560274 0.077882093397598 0.0814554927619104 0.0790152636137057 0.080208204737667 0.0833848074166407 0.0802611483520336 0.0761972668034297 0.0886581857805594 0.338125933554764 -0.147751015123596 0.0398818240701657 0.110837056764602 0.190756621134169 0.210128738423863 0.217209770578735 0.018902213095844 0.197923702701963 -0.0876340204197787 -0.255226017240591 -0.286444858185405 0.206049748895296 -0.0960594949613158 -0.01515416179053 -0.0717386832566926 -0.0224152242027854 -0.0817415081303676 -0.276793477858975 -0.263152342665171 0.114858616960411 0.136793640797941 0.222340539544902 -0.216719424913568 0.145042979446017 -0.20234803505024 0.0886693831216402 -0.258057626352171 -0.163996093605265 0.0338942015603331 -0.223298042236675 -0.0481626515867685 0.0803747273699283 -0.160977103494141 0.00151339169872618 0.0305842134229794 -0.18656814684774 -0.0227305434532344 -0.0126947843497434 -0.0205542895296864 -0.345604219602532 -0.340684263137915 -0.170049159277955 -0.300896467413651 -0.354933086001306 -0.659376661917074 -0.445572965976169 -0.445192344544832 -0.756297199796932
X22 0.366757145779833 0.352962091886811 0.149985687972916 0.189376021302956 0.241780354634599 0.266594661022767 0.270318424028288 1.32629484039639 0.859067138319745 0.33205264694036 0.257509128938499 0.242052739329676 -0.0709833785197109 0.960385281126134 0.472526798779797 -0.063504076374108 -0.0247977651814532 -0.0877430649309349 -0.094617745715928 0.863494846054833 0.676814362001319 0.342936580259246 0.710831362114145 0.623190661254034 -0.035316163113448 0.938008104861473 0.232811866073661 -0.0272451059757505 0.114473046321182 0.492894434936706 -0.277150327421965 -0.229163318648502 -0.0953061216144832 -0.0307152571037646 -0.0303223231216056 -0.0385864025386305 -0.0314099156661926 -0.0416985952899816 -0.0461009523544123 -0.0411720266888922 -0.0246748396926546 -0.0507721431028924 -0.0455660446618807 -0.0248472733466001 -0.0544463742373195 -0.524097631706678 0.022455912675579 -0.358294738865166 -0.321572607484474 -0.36521440943038 -0.50149785062492 -0.510673453104334 -0.324281468371277 -0.39799538460047 -0.114929004698356 0.0238386375473396 0.0818477248734397 -0.454270351342832 -0.380820566169137 -0.271315666479319 -0.120354837101458 -0.254091728029982 -0.0567394709556448 -0.0101875598527631 0.0979871631603885 -0.497332222410738 -0.46365089737771 -0.43091990166127 -0.217538121286797 -0.409656715472025 -0.337453104512927 -0.468596453789463 -0.102132525564856 -0.210029789048643 -0.336935446782571 -0.237521400905932 -0.33228964883033 -0.393982327019323 -0.24039653873044 -0.414436305299767 -0.397885007143739 -0.128599088859316 -0.352532784148475 -0.364328169768001 -0.231606098886416 0.0924830265401674 0.101080942934364 0.202669369524904 0.171587688773946 0.175312169893566 0.119814394980832 0.077439116470041 0.168746569320389 0.381917550586716
X23 0.411997585183218 0.338253970467143 0.193219536399093 0.258114405356363 0.294796918310181 0.332144718254705 0.500549820093146 1.48601621261977 0.859839659996362 0.288564890473818 0.368737603501246 0.354379170395843 0.0623757631115813 1.03545693317956 0.521974856245006 -0.125226341686171 -0.139750009463407 -0.229271138158445 -0.295037214015785 0.676814362001319 0.97001132038571 0.435118050809036 0.890901575300254 0.817747641958862 -0.24989806018443 0.956372802950364 0.180799010899769 -0.00413210692839375 -0.179087716306581 0.546652478717219 -0.352830901059367 -0.299922336985359 -0.363995812751159 -0.101842623650323 -0.0972873992248419 -0.100491513081628 -0.0984148649138484 -0.120958257755029 -0.115478955508523 -0.113163788435302 -0.0964659470897218 -0.121415326735543 -0.121424165612353 -0.115236295657932 -0.107194338873278 -0.69343271253744 0.017180437385974 -0.370208453445435 -0.3709923847903 -0.451539990593281 -0.465832721795409 -0.507115364456724 -0.338217013332236 -0.481748602148985 -0.0793140808795281 0.0937870614026085 0.172910235383015 -0.567494415165367 -0.334401393635827 -0.31258721444494 -0.117094316977298 -0.290857434897453 -0.091718373266674 0.066009633688673 0.123504911537013 -0.474019547551515 -0.44060765748483 -0.422537881185785 -0.143563324000102 -0.407810941285241 -0.228850586825139 -0.410069471539598 -0.0293282948392237 -0.166462980353407 -0.285695362074011 -0.15768271940795 -0.355536271837546 -0.448101944555503 -0.249790524783301 -0.463617521503394 -0.463822995924997 -0.0889059449276586 -0.391062582126422 -0.326640591253427 -0.284913746002445 0.100411765818866 0.0984253098172024 0.107394223820115 0.251113926637912 0.166016130429466 0.352920964697631 0.12531335405145 0.204841215236324 0.599432019389993
X24 0.00488456043558896 0.106604015263021 0.21203048014764 0.129862251093698 0.29327065090834 0.322335183786885 0.318960318944687 0.591634384372416 0.452858760994786 0.28261206095866 0.312625792709658 0.299859116110691 0.163852356679203 0.530134968977323 0.528856590406172 0.118352171244885 0.0270959329663299 0.037296614152072 -0.0609146478543474 0.342936580259246 0.435118050809036 0.623197110768554 0.485396202761915 0.561636271778071 -0.0502852325986921 0.444223582914878 0.0700326912740235 0.132992738625543 -0.0464068099555809 0.222507545351465 -0.0444783391717651 -0.0289503609461198 -0.156544817590509 -0.253859526133249 -0.261470469436756 -0.250874329407162 -0.253427167612612 -0.238851876234271 -0.23474807073659 -0.246003612308802 -0.255822986007805 -0.226235075677269 -0.234647918624901 -0.230009113817953 -0.238856916310042 -0.30805881215792 -0.145494978710861 -0.162313044388216 -0.137555452253841 -0.163690098362206 -0.187305925246723 -0.211723557632325 -0.136355290120021 -0.251718907015127 -0.00698466752584962 0.0474029666176153 0.0246356857019873 -0.217401147407617 -0.0794407463112325 -0.102691642619726 -0.0682712828888382 -0.122698785366449 -0.043595230563784 -0.0669752215258271 -0.00982704138696559 -0.160116549724281 -0.161142070304085 -0.242158371789957 0.0440786089725849 -0.153378054917993 -0.0309462325684973 -0.147708414197303 0.0145632137042714 -0.0508470494748596 -0.265364481351614 0.00143828295986855 -0.108637171908556 -0.0956561775358754 -0.0122173748245062 -0.131770771816807 -0.116691767783697 -0.0264753836288745 -0.0931818031482421 0.0184871385488405 0.033861251501377 -0.169610510838686 -0.170850807535854 -0.119062134601987 -0.12354718674602 -0.164926550766865 0.149392708116902 -0.192211075911764 -0.119596860061809 0.205559062527854
